722 1594  
722 1309  
722 1166  
722 1020  
722  451  
722   24  
710  293  
695  864  
690  569  
686 1422  
682 1185  
682  715  
681 1568  
681 1277  
678  424  
677 1138  
661  978  
657  261  
645  825  
641 1391  
641  679  
639 1242  
637  539  
631 1102  
630  385  
628 1531  
627   97  
620  950  
612  800  
595 1356  
591  501  
589  652  
589  355  
586 1213  
582  214  
581 1066  
579 1499  
571  918  
565   54  
563  761  
549 1613  
545  609  
545  478  
543 1176  
538 1322  
536 1031  
536  175  
535 1462  
534  327  
526  881  
518   21  
508  728  
500 1296  
497  438  
496 1579  
496  589  
491 1423  
490 1144  
489  994  
483  289  
477  858  
459  699  
451  405  
449 1546  
449  544  
448 1255  
441  254  
440  961  
437 1397  
433  106  
429 1105  
428  818  
413  667  
401  372  
400 1507  
399 1212  
394 1078  
394  509  
392 1359  
388  933  
387  219  
386   63  
383  783  
373  630  
356 1613  
354 1185  
354  331  
353 1481  
351 1046  
349  480  
345 1327  
344  900  
343  184  
340  752  
332   33  
317  601  
308 1589  
306 1443  
305  300  
303 1157  
300  858  
298 1293  
298  443  
298  163  
296 1009  
286  720  
274  562  
264 1555  
261 1125  
258  408  
257 1412  
257  120  
256  262  
252  974  
251  828  
245 1264  
238  681  
225  520  
215 1528  
211 1088  
209  378  
209  230  
208 1378  
206   87  
199  939  
199  795  
194 1233  
190  653  
178  494  
166 1488  
159 1055  
156 1194  
156   51  
155 1343  
155  907  
154  762  
146  616  
132 1598  
129  455  
118  309  
115 1455  
115 1310  
115  169  
110 1023  
110   22  
108  876  
108  731  
104 1165  
99  584   
88 1566   
76  423   
74  278   
70 1281   
68 1418   
68  989   
66  695   
65  132   
62  843   
61 1137   
47  550   
35 1536   
29  390   
26 1386   
25 1249   
21  238   
20   98   
19 1097   
19  953   
17  665   
15  797