1594 722
1309 722
1166 722
1020 722
451 722
24 722
293 710
864 695
569 690
1422 686
1185 682
715 682
1568 681
1277 681
424 678
1138 677
978 661
261 657
825 645
1391 641
679 641
1242 639
539 637
1102 631
385 630
1531 628
97 627
950 620
800 612
1356 595
501 591
652 589
355 589
1213 586
214 582
1066 581
1499 579
918 571
54 565
761 563
1613 549
609 545
478 545
1176 543
1322 538
1031 536
175 536
1462 535
327 534
881 526
21 518
728 508
1296 500
438 497
1579 496
589 496
1423 491
1144 490
994 489
289 483
858 477
699 459
405 451
1546 449
544 449
1255 448
254 441
961 440
1397 437
106 433
1105 429
818 428
667 413
372 401
1507 400
1212 399
1078 394
509 394
1359 392
933 388
219 387
63 386
783 383
630 373
1613 356
1185 354
331 354
1481 353
1046 351
480 349
1327 345
900 344
184 343
752 340
33 332
601 317
1589 308
1443 306
300 305
1157 303
858 300
1293 298
443 298
163 298
1009 296
720 286
562 274
1555 264
1125 261
408 258
1412 257
120 257
262 256
974 252
828 251
1264 245
681 238
520 225
1528 215
1088 211
378 209
230 209
1378 208
87 206
939 199
795 199
1233 194
653 190
494 178
1488 166
1055 159
1194 156
51 156
1343 155
907 155
762 154
616 146
1598 132
455 129
309 118
1455 115
1310 115
169 115
1023 110
22 110
876 108
731 108
1165 104
584 99
1566 88
423 76
278 74
1281 70
1418 68
989 68
695 66
132 65
843 62
1137 61
550 47
1536 35
390 29
1386 26
1249 25
238 21
98 20
1097 19
953 19
665 17
797 15
